0 0.253125 0.534375 0.134375 0.1390625
0 0.2703125 0.334375 0.034375 0.0328125
0 0.28125 0.20234375 0.025 0.05546875
0 0.390625 0.18203125 0.0296875 0.03671875
0 0.3953125 0.26796875 0.0296875 0.046875
0 0.3359375 0.36953125 0.04921875 0.0546875
0 0.40078125 0.4390625 0.0453125 0.0375
0 0.64296875 0.559375 0.15546875 0.09140625
0 0.6015625 0.440625 0.0453125 0.04453125
0 0.73359375 0.2375 0.07265625 0.07578125
0 0.66953125 0.26328125 0.02109375 0.02890625
0 0.6609375 0.18984375 0.02109375 0.0390625
0 0.60625 0.1328125 0.09453125 0.03125
0 0.50625 0.13203125 0.015625 0.0171875
0 0.49296875 0.1578125 0.0203125 0.028125
0 0.465625 0.19296875 0.04609375 0.0359375
0 0.56328125 0.20078125 0.02265625 0.02890625
0 0.603125 0.2046875 0.0265625 0.03671875
0 0.5765625 0.23046875 0.0171875 0.0171875
0 0.56875 0.171875 0.0296875 0.02109375
0 0.5296875 0.4015625 0.021875 0.0296875
0 0.5765625 0.36640625 0.10703125 0.02578125
0 0.5359375 0.315625 0.0265625 0.0140625
0 0.4625 0.3328125 0.0484375 0.05703125
0 0.503125 0.46875 0.0359375 0.07421875
0 0.43359375 0.525 0.0671875 0.10390625
0 0.565625 0.25859375 0.1421875 0.0828125