0 0.628125 0.2015625 0.09453125 0.08984375
0 0.79765625 0.246875 0.02734375 0.04609375
0 0.7765625 0.2765625 0.015625 0.02421875
0 0.82734375 0.315625 0.028125 0.040625
0 0.859375 0.39375 0.0203125 0.0359375
0 0.80234375 0.465625 0.1125 0.11796875
0 0.70625 0.49453125 0.03515625 0.03125
0 0.803125 0.596875 0.12265625 0.0796875
0 0.6671875 0.628125 0.109375 0.02265625
0 0.6359375 0.66328125 0.02578125 0.0171875
0 0.43515625 0.5828125 0.0703125 0.14609375
0 0.3375 0.57734375 0.03984375 0.05
0 0.31875 0.41015625 0.0890625 0.12265625
0 0.41640625 0.41171875 0.06328125 0.0984375
0 0.30078125 0.190625 0.0546875 0.0453125
0 0.3984375 0.16875 0.03671875 0.05078125
0 0.38203125 0.228125 0.03671875 0.034375
0 0.3765625 0.26328125 0.03671875 0.034375
0 0.49140625 0.20546875 0.0265625 0.03046875
0 0.52109375 0.15546875 0.01796875 0.0328125
0 0.55078125 0.28671875 0.01015625 0.01796875
0 0.5890625 0.321875 0.0375 0.0484375
0 0.48515625 0.3171875 0.03125 0.034375
0 0.52265625 0.38203125 0.0890625 0.05703125
0 0.62265625 0.4125 0.0296875 0.04609375
0 0.7140625 0.353125 0.0515625 0.0578125
0 0.5421875 0.4859375 0.10078125 0.0546875
0 0.54765625 0.55234375 0.0484375 0.06328125