0 0.43671875 0.54921875 0.16328125 0.12109375
0 0.68125 0.6234375 0.084375 0.03203125
0 0.8390625 0.49140625 0.06015625 0.08828125
0 0.828125 0.41015625 0.096875 0.0203125
0 0.6921875 0.403125 0.03515625 0.03203125
0 0.6640625 0.28125 0.05 0.04375
0 0.55390625 0.259375 0.0171875 0.01640625
0 0.475 0.23359375 0.03828125 0.0765625
0 0.3390625 0.2671875 0.1234375 0.08125
0 0.16328125 0.278125 0.0578125 0.05
0 0.10625 0.34375 0.059375 0.05234375
0 0.23203125 0.3328125 0.0609375 0.0296875
0 0.19609375 0.39609375 0.0375 0.03671875
0 0.25390625 0.4234375 0.046875 0.06015625
0 0.0671875 0.4171875 0.07265625 0.04765625
0 0.359375 0.390625 0.02578125 0.03046875
0 0.3765625 0.34765625 0.02421875 0.0328125
0 0.39453125 0.4046875 0.01875 0.02265625
0 0.4515625 0.35546875 0.053125 0.05859375
0 0.5421875 0.31328125 0.05078125 0.05390625
0 0.6984375 0.3421875 0.13984375 0.06796875
0 0.59140625 0.38828125 0.034375 0.05234375
0 0.503125 0.41484375 0.09921875 0.06796875
0 0.50703125 0.48125 0.06640625 0.1015625
0 0.70390625 0.5625 0.1828125 0.06171875
0 0.7265625 0.4890625 0.05390625 0.065625
0 0.65703125 0.475 0.0765625 0.0875
0 0.4859375 0.25546875 0.0234375 0.0234375