0 0.134375 0.475 0.0484375 0.0640625
0 0.2125 0.5125 0.06640625 0.15703125
0 0.30859375 0.63359375 0.0171875 0.0203125
0 0.36953125 0.62421875 0.08984375 0.09921875
0 0.51015625 0.64765625 0.06328125 0.11484375
0 0.509375 0.5234375 0.02109375 0.0359375
0 0.7734375 0.5046875 0.06328125 0.06171875
0 0.7859375 0.403125 0.02109375 0.0375
0 0.80625 0.328125 0.03984375 0.0609375
0 0.765625 0.34765625 0.0203125 0.0296875
0 0.67265625 0.2421875 0.07578125 0.08984375
0 0.6078125 0.16875 0.0578125 0.0328125
0 0.5453125 0.2125 0.03515625 0.05703125
0 0.484375 0.153125 0.0203125 0.0375
0 0.38984375 0.15 0.05078125 0.0390625
0 0.42578125 0.19921875 0.02421875 0.0265625
0 0.378125 0.22265625 0.03984375 0.03828125
0 0.45703125 0.3015625 0.03828125 0.03515625
0 0.43671875 0.365625 0.046875 0.06484375
0 0.4875 0.421875 0.04140625 0.065625
0 0.534375 0.3265625 0.0359375 0.071875
0 0.315625 0.359375 0.07265625 0.0875
0 0.2484375 0.33359375 0.103125 0.09375
0 0.3109375 0.51015625 0.03984375 0.07734375
0 0.36015625 0.45546875 0.11640625 0.05234375
0 0.6390625 0.396875 0.059375 0.06484375
0 0.62734375 0.52421875 0.16015625 0.1296875