0 0.43515625 0.15390625 0.03828125 0.0515625
0 0.334375 0.16875 0.046875 0.05078125
0 0.36953125 0.2484375 0.03203125 0.040625
0 0.3984375 0.209375 0.028125 0.0328125
0 0.51796875 0.2015625 0.03359375 0.0359375
0 0.56328125 0.1578125 0.02265625 0.05546875
0 0.6515625 0.2234375 0.0921875 0.09296875
0 0.8125 0.28828125 0.03359375 0.065625
0 0.77734375 0.3140625 0.02265625 0.04140625
0 0.82109375 0.3578125 0.03359375 0.03046875
0 0.84375 0.46875 0.065625 0.05234375
0 0.721875 0.4921875 0.12890625 0.12578125
0 0.6140625 0.50703125 0.03046875 0.0390625
0 0.68125 0.3734375 0.0578125 0.053125
0 0.678125 0.6453125 0.0875 0.125
0 0.478125 0.6640625 0.0171875 0.02265625
0 0.5328125 0.6421875 0.08984375 0.071875
0 0.31796875 0.565625 0.04609375 0.15703125
0 0.225 0.5375 0.03828125 0.06953125
0 0.26796875 0.38125 0.10234375 0.140625
0 0.36328125 0.38515625 0.0546875 0.09453125
0 0.47265625 0.371875 0.078125 0.0734375
0 0.45703125 0.31875 0.028125 0.02890625
0 0.471875 0.29765625 0.03125 0.02265625
0 0.55859375 0.31796875 0.03515625 0.071875
0 0.56328125 0.4234375 0.0265625 0.04609375
0 0.42734375 0.54375 0.04140625 0.0765625
0 0.44765625 0.48515625 0.12578125 0.05859375