0 0.50859375 0.59609375 0.140625 0.1109375
0 0.65 0.62890625 0.06640625 0.0640625
0 0.75546875 0.5578125 0.028125 0.03828125
0 0.8359375 0.503125 0.03671875 0.08515625
0 0.78125 0.5109375 0.02734375 0.046875
0 0.76640625 0.39609375 0.07578125 0.10859375
0 0.76328125 0.3125 0.06015625 0.02578125
0 0.67734375 0.31328125 0.009375 0.0453125
0 0.659375 0.2546875 0.02734375 0.034375
0 0.57109375 0.22890625 0.04296875 0.0359375
0 0.51875 0.2859375 0.03125 0.04375
0 0.575 0.27890625 0.01484375 0.03359375
0 0.61171875 0.38515625 0.02109375 0.0359375
0 0.56953125 0.4046875 0.03046875 0.04921875
0 0.61796875 0.49765625 0.06015625 0.04765625
0 0.52578125 0.3671875 0.02734375 0.0453125
0 0.55078125 0.35546875 0.00625 0.03515625
0 0.171875 0.38671875 0.04453125 0.06171875
0 0.19921875 0.43046875 0.1203125 0.10859375
0 0.2703125 0.4578125 0.0328125 0.07109375
0 0.325 0.45703125 0.08828125 0.0859375
0 0.23828125 0.559375 0.0328125 0.06328125
0 0.19453125 0.55078125 0.02578125 0.02890625
0 0.35078125 0.63203125 0.11484375 0.11953125
0 0.421875 0.5359375 0.0296875 0.04375
0 0.475 0.46796875 0.0296875 0.0421875
0 0.46015625 0.3953125 0.03046875 0.06171875
0 0.36640625 0.365625 0.06328125 0.06484375
0 0.3390625 0.31875 0.15 0.0671875