0 0.44140625 0.6734375 0.15703125 0.19375
0 0.6125 0.5859375 0.078125 0.1078125
0 0.3203125 0.43984375 0.059375 0.065625
0 0.371875 0.24609375 0.0328125 0.0359375
0 0.45234375 0.1703125 0.03671875 0.02734375
0 0.55390625 0.15625 0.0796875 0.04609375
0 0.44765625 0.24375 0.03671875 0.0296875
0 0.4234375 0.32734375 0.059375 0.05546875
0 0.528125 0.38359375 0.0328125 0.05078125
0 0.58671875 0.3421875 0.02421875 0.03515625
0 0.65234375 0.39765625 0.115625 0.03046875
0 0.5578125 0.4515625 0.0390625 0.01796875
0 0.5390625 0.509375 0.0359375 0.04375
0 0.640625 0.50703125 0.05234375 0.04765625
0 0.69453125 0.44375 0.0484375 0.046875
0 0.7046875 0.225 0.1 0.0640625
0 0.58359375 0.22890625 0.01796875 0.03203125
0 0.61953125 0.2046875 0.01484375 0.0328125
0 0.53984375 0.2203125 0.0375 0.04609375
0 0.66640625 0.2703125 0.028125 0.02109375
0 0.56953125 0.26484375 0.021875 0.01953125
0 0.5703125 0.284375 0.13046875 0.04921875
0 0.78984375 0.5625 0.15859375 0.04765625
0 0.4234375 0.459375 0.06796875 0.05625
0 0.2609375 0.29453125 0.07421875 0.0609375
0 0.45703125 0.19765625 0.0328125 0.028125
0 0.6265625 0.44921875 0.028125 0.03125