0 0.1890625 0.38984375 0.078125 0.08203125
0 0.26640625 0.2859375 0.02734375 0.0578125
0 0.27578125 0.2203125 0.0234375 0.06796875
0 0.28671875 0.17109375 0.01875 0.01953125
0 0.3734375 0.14609375 0.04921875 0.08125
0 0.56640625 0.1734375 0.0875 0.0546875
0 0.80390625 0.4015625 0.1078125 0.06484375
0 0.7359375 0.496875 0.059375 0.11640625
0 0.65078125 0.66640625 0.1671875 0.2234375
0 0.63125 0.4671875 0.05 0.0671875
0 0.58984375 0.41171875 0.02734375 0.03203125
0 0.484375 0.47734375 0.07109375 0.06484375
0 0.3796875 0.50625 0.0515625 0.05546875
0 0.3890625 0.34921875 0.05625 0.0625
0 0.53671875 0.36015625 0.040625 0.0671875
0 0.625 0.32421875 0.07421875 0.04609375
0 0.69765625 0.346875 0.0453125 0.053125
0 0.6328125 0.3671875 0.03203125 0.02734375
0 0.68984375 0.4234375 0.0703125 0.0328125
0 0.55078125 0.30390625 0.02421875 0.02578125
0 0.51640625 0.2640625 0.196875 0.0359375
0 0.4234375 0.20625 0.03203125 0.0234375
0 0.47734375 0.165625 0.025 0.03046875
0 0.465625 0.19765625 0.028125 0.02734375
0 0.471875 0.2265625 0.021875 0.01328125
0 0.3515625 0.25859375 0.04140625 0.0421875
0 0.32421875 0.2125 0.03125 0.0296875