0 0.25703125 0.28359375 0.0578125 0.05703125
0 0.35234375 0.2484375 0.046875 0.04921875
0 0.45703125 0.23046875 0.01875 0.040625
0 0.4484375 0.27734375 0.03828125 0.0359375
0 0.58984375 0.2703125 0.09765625 0.0890625
0 0.75234375 0.2984375 0.02578125 0.0546875
0 0.7375 0.325 0.028125 0.0328125
0 0.7984375 0.36171875 0.0140625 0.03828125
0 0.88046875 0.434375 0.07265625 0.0375
0 0.82265625 0.49375 0.1171875 0.08359375
0 0.74765625 0.528125 0.03828125 0.02890625
0 0.71171875 0.40703125 0.05625 0.03984375
0 0.653125 0.4734375 0.03671875 0.0578125
0 0.63046875 0.60703125 0.03671875 0.06171875
0 0.54375 0.66015625 0.121875 0.1265625
0 0.43984375 0.67109375 0.05234375 0.046875
0 0.35390625 0.49921875 0.07265625 0.13125
0 0.46171875 0.490625 0.07421875 0.0921875
0 0.47421875 0.38203125 0.028125 0.0390625
0 0.359375 0.334375 0.03828125 0.07734375
0 0.5390625 0.3546875 0.02734375 0.01953125
0 0.58203125 0.37890625 0.05078125 0.05625
0 0.54453125 0.446875 0.09296875 0.0484375
0 0.60859375 0.56015625 0.1171875 0.065625
0 0.490625 0.3890625 0.025 0.009375
0 0.75 0.709375 0.015625 0.02421875
0 0.77578125 0.68359375 0.11640625 0.034375
0 0.86953125 0.6234375 0.11953125 0.0796875