0 0.8 0.621875 0.15859375 0.15390625
0 0.75390625 0.44296875 0.08203125 0.09453125
0 0.72734375 0.3390625 0.0453125 0.0828125
0 0.66953125 0.4125 0.04296875 0.0375
0 0.67109375 0.47578125 0.02421875 0.04765625
0 0.56171875 0.55 0.08203125 0.06328125
0 0.58203125 0.60703125 0.03828125 0.0203125
0 0.48828125 0.66171875 0.06484375 0.059375
0 0.2 0.64140625 0.071875 0.0796875
0 0.19609375 0.4828125 0.04296875 0.0625
0 0.13203125 0.4078125 0.0578125 0.08203125
0 0.115625 0.34375 0.0375 0.02578125
0 0.1890625 0.36640625 0.02421875 0.034375
0 0.1890625 0.2703125 0.03359375 0.0890625
0 0.29609375 0.315625 0.02421875 0.03515625
0 0.30390625 0.24921875 0.0171875 0.028125
0 0.396875 0.2265625 0.09609375 0.04921875
0 0.4203125 0.26484375 0.02265625 0.0109375
0 0.42265625 0.3375 0.19140625 0.08984375
0 0.56328125 0.3421875 0.04921875 0.0765625
0 0.62421875 0.3375 0.02890625 0.05703125
0 0.59921875 0.38515625 0.01875 0.0140625
0 0.596875 0.43203125 0.03046875 0.01875
0 0.52890625 0.4171875 0.046875 0.0609375
0 0.38671875 0.48203125 0.0671875 0.06484375
0 0.33125 0.46796875 0.0796875 0.09140625
0 0.25703125 0.4015625 0.0484375 0.05078125
0 0.31875 0.28828125 0.03828125 0.02109375