0 0.096875 0.4921875 0.07578125 0.0625
0 0.1234375 0.4171875 0.0578125 0.05703125
0 0.1484375 0.34375 0.0640625 0.046875
0 0.3234375 0.29765625 0.12265625 0.0765625
0 0.44453125 0.2484375 0.03984375 0.053125
0 0.403125 0.37734375 0.028125 0.0296875
0 0.396875 0.41796875 0.03359375 0.02265625
0 0.44375 0.42421875 0.0203125 0.034375
0 0.47421875 0.37109375 0.040625 0.0453125
0 0.54140625 0.32734375 0.040625 0.0375
0 0.52890625 0.26796875 0.034375 0.02578125
0 0.64921875 0.28125 0.05078125 0.02578125
0 0.70234375 0.3328125 0.1234375 0.05703125
0 0.63125 0.38515625 0.0296875 0.0453125
0 0.72734375 0.38515625 0.04296875 0.01796875
0 0.83359375 0.37265625 0.121875 0.0515625
0 0.8828125 0.4296875 0.059375 0.053125
0 0.79453125 0.45390625 0.0390625 0.04921875
0 0.80546875 0.5375 0.19375 0.0375
0 0.79453125 0.5953125 0.075 0.02890625
0 0.53671875 0.571875 0.1765625 0.090625
0 0.58984375 0.48515625 0.0890625 0.08515625
0 0.2359375 0.45703125 0.04140625 0.04140625
0 0.3125 0.4765625 0.04296875 0.05859375
0 0.2390625 0.3828125 0.05625 0.02265625
0 0.5421875 0.41796875 0.096875 0.07578125
0 0.72265625 0.4625 0.09609375 0.08359375
0 0.46015625 0.2796875 0.02734375 0.0171875