0 0.221875 0.6234375 0.10234375 0.09453125
0 0.38046875 0.69140625 0.04921875 0.05078125
0 0.49921875 0.7171875 0.07734375 0.09453125
0 0.6921875 0.609375 0.16015625 0.1140625
0 0.8921875 0.5953125 0.09453125 0.08203125
0 0.78515625 0.5171875 0.0734375 0.02421875
0 0.88984375 0.45078125 0.059375 0.05234375
0 0.871875 0.36875 0.0546875 0.05
0 0.775 0.40234375 0.03984375 0.0453125
0 0.69375 0.35625 0.046875 0.0546875
0 0.5125 0.2796875 0.13984375 0.1296875
0 0.3640625 0.23046875 0.07421875 0.0265625
0 0.325 0.2671875 0.15390625 0.03671875
0 0.1734375 0.3375 0.0953125 0.06796875
0 0.125 0.4171875 0.1234375 0.0359375
0 0.22734375 0.50546875 0.15859375 0.11015625
0 0.28671875 0.30546875 0.04609375 0.05546875
0 0.36953125 0.415625 0.04140625 0.0484375
0 0.47265625 0.39375 0.10546875 0.0359375
0 0.51875 0.4640625 0.053125 0.06015625
0 0.5703125 0.41328125 0.03203125 0.03046875
0 0.6140625 0.4328125 0.01640625 0.0296875
0 0.603125 0.49140625 0.03515625 0.02578125
0 0.41171875 0.546875 0.06640625 0.0578125
0 0.26484375 0.4296875 0.04609375 0.02734375
0 0.3296875 0.3484375 0.12109375 0.09921875