0 0.22578125 0.35546875 0.0578125 0.05859375
0 0.265625 0.4515625 0.0296875 0.0359375
0 0.3484375 0.39140625 0.10703125 0.11171875
0 0.42578125 0.3296875 0.04609375 0.0953125
0 0.4796875 0.3 0.08671875 0.07578125
0 0.5375 0.28828125 0.01171875 0.0265625
0 0.5953125 0.29453125 0.0421875 0.05234375
0 0.65546875 0.33515625 0.02890625 0.03984375
0 0.73125 0.3625 0.03203125 0.0359375
0 0.84140625 0.43515625 0.1453125 0.05703125
0 0.81171875 0.51328125 0.09765625 0.07890625
0 0.83984375 0.5984375 0.03515625 0.06171875
0 0.58984375 0.61484375 0.178125 0.103125
0 0.365625 0.70546875 0.0515625 0.05625
0 0.39375 0.52578125 0.04921875 0.03125
0 0.42421875 0.57890625 0.03046875 0.03203125
0 0.47265625 0.53515625 0.05546875 0.07265625
0 0.5171875 0.45390625 0.04140625 0.053125
0 0.4203125 0.453125 0.046875 0.04765625
0 0.47734375 0.36875 0.025 0.0265625
0 0.47421875 0.403125 0.028125 0.01953125
0 0.4625 0.43046875 0.034375 0.01953125
0 0.621875 0.53828125 0.03671875 0.03515625
0 0.56953125 0.46015625 0.07578125 0.07890625
0 0.628125 0.45078125 0.04140625 0.11484375
0 0.715625 0.55625 0.0546875 0.08359375