0 0.51328125 0.8421875 0.0515625 0.1015625
0 0.7796875 0.8203125 0.07578125 0.10859375
0 0.79921875 0.9140625 0.04765625 0.0546875
0 0.87578125 0.70390625 0.0265625 0.053125
0 0.86171875 0.59765625 0.03359375 0.0328125
0 0.88359375 0.5046875 0.0640625 0.08828125
0 0.79296875 0.44375 0.03984375 0.1
0 0.71015625 0.396875 0.06328125 0.0828125
0 0.58125 0.3765625 0.10703125 0.08203125
0 0.57734375 0.284375 0.04609375 0.053125
0 0.509375 0.340625 0.0265625 0.03203125
0 0.47109375 0.43671875 0.05234375 0.03671875
0 0.41640625 0.46640625 0.03671875 0.04296875
0 0.3015625 0.478125 0.0203125 0.04375
0 0.440625 0.6015625 0.02734375 0.153125
0 0.4734375 0.49765625 0.04765625 0.05703125
0 0.540625 0.44453125 0.02734375 0.0390625
0 0.58984375 0.4625 0.0171875 0.02109375
0 0.56640625 0.49609375 0.0375 0.06640625
0 0.52265625 0.6265625 0.0171875 0.05546875
0 0.53671875 0.709375 0.03671875 0.06875
0 0.61875 0.55390625 0.05859375 0.084375
0 0.62265625 0.5953125 0.10078125 0.04296875
0 0.68359375 0.453125 0.0171875 0.03046875
0 0.6359375 0.45703125 0.0328125 0.04140625
0 0.66015625 0.79453125 0.159375 0.21484375