0 0.7171875 0.375 0.06875 0.12421875
0 0.81796875 0.47734375 0.0453125 0.06875
0 0.77890625 0.4875 0.02890625 0.0359375
0 0.63125 0.4984375 0.05078125 0.04921875
0 0.7734375 0.53359375 0.028125 0.03046875
0 0.7078125 0.6328125 0.0484375 0.0671875
0 0.5484375 0.4234375 0.0375 0.0421875
0 0.57734375 0.38515625 0.01875 0.0234375
0 0.61328125 0.30625 0.0203125 0.03515625
0 0.57109375 0.2546875 0.03359375 0.03984375
0 0.475 0.23046875 0.06015625 0.040625
0 0.446875 0.303125 0.03515625 0.03828125
0 0.503125 0.28515625 0.02734375 0.03828125
0 0.50390625 0.3640625 0.03359375 0.0296875
0 0.48359375 0.38046875 0.03671875 0.0453125
0 0.44140625 0.42265625 0.0375 0.05859375
0 0.46875 0.49921875 0.025 0.05078125
0 0.45546875 0.5765625 0.015625 0.05390625
0 0.55625 0.61328125 0.12890625 0.1125
0 0.4078125 0.703125 0.028125 0.10546875
0 0.2765625 0.66171875 0.06953125 0.08046875
0 0.22421875 0.65 0.028125 0.02109375
0 0.128125 0.46953125 0.0359375 0.0453125
0 0.19453125 0.5234375 0.090625 0.115625
0 0.265625 0.5296875 0.034375 0.0765625
0 0.24375 0.359375 0.10234375 0.08359375
0 0.33125 0.4 0.04453125 0.0796875
0 0.68828125 0.290625 0.0765625 0.03984375