0 0.203125 0.278125 0.06484375 0.05546875
0 0.27890625 0.2140625 0.05625 0.05234375
0 0.371875 0.1703125 0.04609375 0.0359375
0 0.534375 0.1765625 0.10390625 0.0921875
0 0.6953125 0.1578125 0.0234375 0.05546875
0 0.7609375 0.209375 0.02421875 0.02890625
0 0.8734375 0.2578125 0.075 0.04375
0 0.9078125 0.50859375 0.11328125 0.05625
0 0.94609375 0.42890625 0.09609375 0.03984375
0 0.80703125 0.38671875 0.03203125 0.02265625
0 0.871875 0.32421875 0.12265625 0.0828125
0 0.703125 0.26796875 0.05234375 0.04375
0 0.69375 0.35546875 0.0296875 0.05859375
0 0.75390625 0.48359375 0.040625 0.07734375
0 0.6890625 0.4546875 0.08359375 0.0859375
0 0.60234375 0.60703125 0.0640625 0.05234375
0 0.6828125 0.55390625 0.18046875 0.1109375
0 0.43125 0.47109375 0.11484375 0.140625
0 0.53359375 0.41875 0.06484375 0.1046875
0 0.496875 0.32734375 0.015625 0.03203125
0 0.4734375 0.3078125 0.02109375 0.01640625
0 0.51875 0.26953125 0.0265625 0.0375
0 0.31640625 0.2734375 0.01484375 0.02734375
0 0.3515625 0.3171875 0.01796875 0.03984375
0 0.578125 0.3609375 0.11484375 0.0421875
0 0.57890625 0.28828125 0.03984375 0.053125
0 0.89921875 0.53984375 0.02421875 0.02421875
0 0.69921875 0.1953125 0.021875 0.01875